8903
9081
186
7266
850
3831
8475
7117
5132
8569
4380
9875
6361
2060
2221
8445
6661
6613
8642
2537
6113
6698
7900
2824
2268
8463
795
9288
4271
6504
442
2270
3212
6634
5311
121
1573
3015
4134
3757
7168
1769
2987
9127
3265
2238
1922
4692
4835
9843
934
8709
2216
2794
1216
2099
55
6555
7687
7757
7384
3687
4282
2453
4451
3900
2930
1959
9282
2351
2091
2657
3123
2808
3648
6466
550
2914
9697
2180
2235
5495
9712
5054
9787
5065
6030
1309
4753
8779
6040
6220
4574
5988
7531
8775
208
4331
1168
3840
3105
778
2803
6315
6695
8673
8518
6335
5973
4774
5296
7837
9988
9777
2027
7904
4977
5670
3237
1587
5068
8617
533
3308
204
2209
8716
8838
7471
5739
4168
6664
3643
7260
8756
4995
9223
7733
2003
2893
8051
6940
3391
652
3975
4798
3522
4396
7237
8140
4073
5633
6002
9612
5757
6621
3776
6941
136
3043
2627
9661
6569
3122
7678
9529
4938
317
4519
5676
512
8619
469
5891
6031
178
3314
3060
2642
19
6249
8646
2691
3395
236
6845
9924
3117
2289
7972
9400
4179
3777
5532
7080
8482
7811
3553
7242
3222
335
1431
6608
9587
7123
6329
9710
9853
8306
7064
1190
507
6290
9730
7977
2000
734
2097
1282
324
815
471
3789
4088
114
3254
7641
4555
113
5418
1075
2394
658
96
235
7708
1043
8562
1673
6965
1558
1920
4221
1192
1521
9350
7978
7328
9006
7193
5830
2233
7258
33
6696
415
6446
3539
1407
7167
6627
6746
9723
1486
1401
8458
7699
2716
7940
5401
4027
2597
2481
8451
8155
4319
4024
3361
8073
3609
5775
1467
9337
212
1188
629
1452
923
5050
9217
5948
1662
4259
6701
6568
9234
5438
8230
264
7415
4663
1141
3738
1512
9811
8580
1875
6417
3221
8491
2102
9488
6552
895
4823
4050
8632
7704
7008
9465
2402
4320
1120
5879
4930
5924
2335
871
7187
3675
9504
8001
3030
1189
5609
6892
7199
6423
2931
5966
2666
6227
4404
8945
232
2038
2243
8060
6292
8109
4144
5293
6001
3996
135
7648
9594
1641
407
1543
6865
3891
8220
4068
1068
1186
7792
137
5042
704
2247
5584
4831
6412
8203
1098
2137
17
5886
344
9056
9385
7791
9789
2440
3309
7387
5588
5166
4329
3332
7579
1468
7676
1866
8336
2479
3696
733
5848
1517
9033
4895
1205
7576
4712
6754
4324
5230
1506
4495
492
9791
1497
6438
9950
2296
9508
6068
7472
7523
5834
9707
1906
8446
4487
9874
5620
9239
7255
6172
1229
5096
9660
8790
4170
4892
3638
1322
1383
9684
4654
4544
1798
243
2723
6584
7597
6230
2416
4250
8688
2146
9340
7712
6967
8884
1905
39
3775
2569
9879
3911
2664
1940
5519
452
513
6100
3817
2601
9749
2536
3995
4429
436
8516
6816
5753
6536
6995
581
4485
5928
7010
168
66
3572
6888
1336
9702
1904
5887
5153
270
1654
4820
6195
1931
596
7125
1250
5448
2280
3324
8753
428
5517
1225
4566
2636
150
2978
5210
9969
6971
5921
7797
2562
233
5496
8008
4430
5398
1578
1171
2077
9817
107
8714
4587
1740
6923
7867
8139
3444
3904
2610
7534
2130
1466
9512
9861
7357
7908
4466
9018
2387
2135
737
5957
5671
1674
8495
7553
3948
5594
4127
9448
4444
1462
3335
6507
4646
1339
3579
8314
3661
6976
2964
1823
4124
4206
9794
4858
4275
4586
5785
4590
8102
2631
8321
3473
5121
2921
1501
6578
4059
6986
5464
8905
1296
4173
6239
9066
4815
6253
7358
5749
6323
969
9300
134
8572
843
6306
9671
9383
8020
7682
5992
3173
6276
7696
7477
9213
5169
9840
9087
599
3278
5247
1211
9586
3838
7243
6532
2660
6614
6626
6403
4645
7053
6247
8192
7951
8026
8857
5397
1669
8046
8967
2417
6226
7763
2203
4493
1398
8919
478
9534
6389
8853
3127
2150
7736
2279
3679
2512
948
6866
9422
7921
6
1716
3954
65
4036
2068
8672
4461
8889
9371
4423
3992
6902
7189
2574
9180
7462
9857
8460
5651
9810
5573
6663
6007
1266
2609
5281
7549
3594
8404
5227
1689
5828
6838
5610
6830
5913
2796
1377
2404
4545
9261
3756
5332
7494
2024
6222
7765
5597
1116
3689
192
5954
4000
1050
7973
9225
1238
5794
4837
3866
2992
6601
1870
7336
3110
9958
1661
189
1735
9574
1581
1828
5911
8810
6717
3054
5384
7883
5321
4167
250
6437
1038
9737
9591
4230
5504
1887
4695
7148
9484
5446
8360
6320
729
2676
5735
1146
1850
5467
3940
6797
5972
9717
3398
7919
2120
4894
3130
1403
5692
6970
422
99
1435
340
902
353
2314
5373
854
9237
3132
9206
8873
1795
8842
288
8204
7895
1288
6575
4561
7897
5369
2922
2369
8959
2566
6050
1686
6436
988
3296
3000
1637
9368
909
3570
5092
1726
5877
6229
8271
6828
9305
4710
7622
7961
8362
8902
2350
781
4965
9157
6983
283
8956
889
4013
8550
5154
810
1198
5405
3420
7218
3816
5925
3069
5804
2266
3252
248
9118
7585
8931
3322
3987
2494
8247
8168
5618
2708
8991
7007
8698
1534
7507
1200
6880
8568
71
9515
9901
3885
8927
8185
6082
2876
8968
5017
3264
293
3959
1301
9432
4605
2713
3189
7003
742
3317
6330
7649
8258
7960
7146
6426
3020
6060
5758
9344
9544
8595
4768
6443
6008
6756
322
731
3313
8936
7197
3835
7777
9616
9962
9900
8802
4913
7407
8284
2173
3571
2995
1622
7581
7371
9089
8425
7380
9332
6534
6363
6650
5938
7755
7634
8979
9367
789
8489
3984
8860
184
7980
1835
777
9568
4847
9926
5172
3371
8508
3003
4563
1480
5378
8265
7305
8665
4685
1525
3586
528
8520
1112
3928
8093
4897
2522
1425
5129
6291
9765
2643
2864
7110
5075
4524
9481
2149
3865
1244
9890
9148
773
6748
3693
9643
3397
3640
9768
5759
7214
5086
3481
1892
7829
707
1546
7909
4504
7954
412
9880
8208
940
5592
7238
463
3505
8063
8878
2798
1616
5933
5261
903
7126
590
1502
2862
5218
5436
1083
4600
4999
7403
3458
4019
2912
3912
1051
1680
3497
7788
766
91
8089
8549
1202
2041
7770
8685
6723
5527
9639
7751
5183
1272
7964
9191
4596
627
4559
9906
5510
6733
3113
3370
8358
6690
4310
3708
2695
7389
6198
8157
8703
7656
2832
8262
6294
9159
8390
1621
2116
9742
6365
1009
5390
6434
51
5353
7609
5220
3641
7650
1421
1645
7071
3279
9955
2225
2064
8148
4739
863
9494
6178
6899
195
5523
1849
2658
1422
6035
882
8100
8091
1275
1536
5761
4303
6173
832
862
7321
4597
7318
2990
4591
9286
6191
2254
4009
4673
9972
1565
8517
4298
9283
223
941
88
8214
9165
497
7190
6642
663
4305
5644
9507
9667
6910
1820
4532
1404
6791
7915
1126
6925
9415
9734
1574
1692
5989
7254
345
4670
3929
2861
2927
3932
3488
3541
7695
7453
7635
7147
1734
9255
8830
4967
5619
473
5675
6928
2454
6245
6553
4269
7161
4803
7554
244
9402
4896
1966
7034
1248
8346
6757
9498
2763
1187
8279
2842
3967
7840
2411
6963
2486
4781
3108
7503
3353
5789
9417
8705
5511
8031
9705
6806
9625
1649
6462
4817
7924
7750
9935
5572
6088
7727
3186
4399
1519
7688
7339
4765
5563
1893
631
2785
7246
7311
4307
5114
8000
4700
1891
7374
1228
1743
4658
3042
5788
5158
6773
6167
5206
6895
9949
2549
9327
689
3067
6619
7174
382
8474
485
6213
6339
1444
502
1313
4306
4752
7861
6120
4191
7465
5359
9499
5802
9727
7578
2933
724
2945
1079
2319
6764
6348
9259
8529
8741
5473
2975
6755
5508
5465
20
337
5639
6268
6662
4812
8670
4898
9968
7149
6794
3942
723
8351
6098
7647
3348
3511
7075
928
2088
683
2645
2323
9572
5180
1317
5420
1070
46
7771
4395
6022
2870
7612
9380
4454
711
8757
9393
166
7917
8357
9360
6563
4593
9303
2293
1389
2119
1006
2237
5978
1465
2727
6517
7998
9798
1531
504
1348
9354
8311
5411
8133
3149
2056
873
938
6447
3860
52
84
1131
1357
2583
4676
3836
5308
2944
7397
8534
7013
4017
9023
6872
3080
3183
4877
8079
5059
4901
8678
9911
1907
9882
5029
8954
2834
8593
360
3131
9916
765
597
3087
3223
2720
4891
8287
4667
369
1154
8035
3333
4541
4342
1530
1276
4443
3208
3688
9600
9566
7304
7860
5186
6246
8104
1215
5787
8150
9859
4941
4357
7808
1838
6906
4899
8795
4022
9388
9266
4057
7135
3206
9321
7103
6771
628
8582
3815
9124
606
2541
2768
5934
8932
6202
2195
4982
8442
4037
6131
2787
5046
1355
8084
7773
807
9686
145
9580
4501
5647
1553
2002
2259
1598
6672
6586
80
5008
170
4936
3672
9606
8783
2303
6371
5026
3164
8589
441
985
5383
8159
6281
1454
9308
8085
8107
7052
1257
6286
2197
6966
3556
7329
8245
6512
570
9439
9558
3277
7019
9633
5977
7498
2348
4648
3256
8794
225
5986
2820
4341
3253
8792
6543
3461
8417
7547
9653
6801
1247
2436
3531
3519
4556
9609
1037
2364
2584
7203
7760
2674
600
115
5004
7213
826
7157
3896
6953
3637
7360
4355
8501
1608
3479
2162
5485
986
7495
4207
6232
3509
4609
9654
7627
4538
7245
7057
2251
4864
7450
2843
3266
7514
44
9076
5814
7322
7257
7834
690
5565
2484
1640
5638
3363
744
6041
6863
5765
3994
8833
368
3884
7333
6385
2869
4497
3618
1020
8177
3235
6523
9271
9235
6547
3383
6984
8739
3962
6856
710
4131
8764
7428
4353
5630
8052
8785
6730
7922
257
5842
3619
395
3141
8554
457
8497
8547
3537
3710
7499
388
2866
3677
2625
3320
8169
7876
6396
870
9292
2773
8774
4297
124
3255
9189
9219
2637
381
4081
1254
4046
7690
1760
7253
5360
9923
5044
439
904
5278
142
7979
3788
4932
6086
7596
1753
2517
7966
4813
2352
8290
3595
4762
5251
7832
9780
2030
5908
2711
4961
3188
8048
2423
2958
8533
8715
4354
5801
1213
5019
5780
8953
4325
713
7778
7107
2431
6391
3906
9539
3949
5084
9117
6093
8456
1885
8111
3485
7628
6126
5513
6566
5302
686
4266
5164
4099
6954
9323
2989
4012
4576
4904
4632
3980
3057
2890
9030
2302
9936
449
9896
9604
2142
6528
6762
6818
1258
3318
9614
1375
8604
8977
455
6353
9542
1623
4272
7029
6942
9479
1061
4417
8409
9155
3343
9895
7323
3714
5425
1091
3787
1263
8993
4390
7987
9207
1033
2330
6367
9012
5881
8915
5856
1787
2918
9326
2067
1930
5940
6704
5430
2602
6544
3893
4986
1710
6539
9897
5396
8484
206
9022
7680
3182
4888
2535
6736
8462
6654
7779
6056
201
5350
2951
3989
6689
291
3607
4952
2211
2585
6017
699
6907
5091
9085
6904
2762
2993
2616
4006
2353
5844
5665
4039
829
3303
4581
1968
3360
1834
4843
9607
6351
144
4976
1897
8303
2784
5423
6841
6471
1460
1067
7129
2878
131
615
5679
22
5105
3271
5614
2033
162
890
6582
9331
783
7827
8690
1713
5024
1271
2721
1145
4483
3542
8120
4236
7868
8434
6254
9802
3242
1256
6944
3456
4890
7572
6915
9078
6302
9884
7297
9652
5116
1549
9855
2663
9248
565
6911
1914
4811
540
6610
5658
755
5726
8845
8289
1826
6565
9263
3963
2853
5185
739
1418
2606
6334
7354
7566
1232
3393
647
8296
1960
5404
7032
1794
6859
4954
6015
4151
5056
9055
4410
8839
3402
5357
8257
7956
9752
7223
1388
5192
654
4160
9898
8029
2449
9443
7958
6402
8876
2338
8420
2911
8858
4049
1786
4818
9451
9920
4950
3597
7652
4991
1706
7138
1195
3345
2312
9683
417
1508
6518
523
7463
6408
6013
8875
4505
94
4155
9096
9095
8270
1781
5499
1808
1172
7455
644
9985
4195
3137
6055
7624
4412
5107
4668
3463
636
4371
1861
7342
9341
2759
5200
4636
6684
3356
8503
2468
7898
2334
7594
6714
1133
2292
8431
6725
8626
4794
746
9416
6721
4570
1162
4568
5559
7469
2672
117
3966
472
8070
3160
1274
8523
7918
5985
5454
3002
836
1586
5178
9427
6448
2104
874
2758
1635
326
1499
5516
276
5600
2632
2953
319
376
2527
6487
8402
9913
5509
7137
5845
448
9197
1249
5778
4239
2633
9820
5923
9959
37
3096
7200
8339
2478
7799
7916
9847
4218
2565
4842
2256
1406
8770
4674
7355
991
7713
7059
3382
8726
3326
1895
217
399
7301
8332
524
1065
5021
5688
6644
7188
390
2722
4136
4825
3719
8639
4699
4166
7293
7312
4878
672
6589
4809
6046
1055
9505
9143
294
4907
8435
3197
5135
4462
123
4944
7222
7353
824
6163
6510
2705
1908
3837
6024
5288
7183
1292
3176
8611
3887
3228
8618
1352
7489
8652
2201
6430
4777
5621
5498
8960
6873
2333
6814
4679
1334
7300
845
1796
1024
8094
3958
2321
2781
884
2477
7810
3027
949
2315
2372
3297
7685
8053
7936
5950
7186
6511
8578
7884
7990
8899
9322
6848
3973
9786
2769
151
4449
4301
8153
9001
8388
3260
8144
8772
16
8365
7340
6826
6312
8525
2153
6616
3582
2788
4465
9314
4428
8173
3410
2560
4388
4194
9005
4631
4796
3663
386
9731
1953
2371
8767
978
5486
532
7804
5544
6288
3065
8871
4579
3923
5540
3712
4542
5589
1625
9490
8851
1921
9241
1226
8570
3678
56
2582
5493
9455
1090
2718
5341
2381
9410
4769
1580
7856
757
359
2851
4553
9551
3453
3082
6274
2287
4665
9405
787
2019
1903
6194
4090
4822
679
4363
2214
4040
8179
1414
554
6515
4951
635
2654
5769
2747
5217
7061
3077
4578
816
7419
6745
2520
655
7240
9823
2121
3280
7177
281
894
2701
637
6028
4959
921
3250
5294
8961
3567
5605
3381
9990
9242
8816
64
801
2005
6768
8733
4491
2962
6263
2614
9567
6605
350
3705
7591
9290
911
9995
2156
5097
3068
855
5066
1012
2847
5015
9419
297
811
1201
1402
7825
4223
494
9355
1728
5904
9670
7042
5342
6235
9357
8506
3718
4543
6206
5106
2515
8721
3566
8252
2204
8325
7317
2395
7941
8480
6741
356
1246
6651
1996
2731
6037
7217
2805
4418
9748
6751
1218
242
4840
9803
3148
3115
3752
1829
2947
5370
3644
8910
6384
1989
584
6960
9409
6817
6070
8071
4072
1509
4377
5000
1524
9917
5711
6580
193
9825
9028
6047
3925
2581
3427
1470
5897
149
1391
9863
5263
8917
3243
6747
7036
8937
2501
3109
4268
9014
4137
1937
3119
2506
4349
5682
58
4190
8127
1594
8025
5941
3630
5379
312
792
8885
130
2181
2827
3307
2283
9267
7490
1947
3550
5235
5104
6397
5586
9204
4875
8552
9339
611
666
8539
2885
7404
3046
4150
3049
2139
8006
5090
7426
8882
231
1463
9050
9809
1217
6160
616
3854
1208
8994
9728
4091
1607
3600
7277
5191
6325
89
7730
3432
3273
5
446
9040
9615
5266
1575
2222
959
4520
377
4202
8852
385
3010
2141
917
5993
8710
8675
5120
7722
1338
9622
4725
3092
7843
425
7855
7182
487
3407
1803
4694
2015
1948
6394
4369
6490
6326
1793
4948
6185
4502
5768
1802
3442
9757
9864
8805
9634
1453
8184
9656
6210
2797
2775
4743
4424
8389
9608
6869
7298
6868
3039
4028
1751
6707
3359
1283
1667
3291
2622
4339
971
4857
2178
7607
2760
9779
5813
4780
9154
5534
8292
6529
1230
5367
4074
7866
5089
8364
5606
5660
1127
1175
8668
603
2177
4759
7994
3734
4398
3467
4469
4518
164
5271
8269
4094
1023
5754
380
8318
4367
4216
4083
2360
6264
8912
3659
574
5203
2241
7501
1073
48
9626
8347
858
5354
5468
4169
349
5547
5340
1902
1052
7267
8444
3656
7931
2202
3642
1933
2810
3874
2179
2042
3247
6197
3470
1965
3079
3483
5148
5537
7055
7592
9766
7544
8255
7780
3088
2728
6919
5277
4214
2816
8319
8027
5048
9060
6407
2298
5320
684
912
3268
4047
6279
2349
489
9938
3732
4459
9601
5152
5074
7986
6452
1015
610
2963
7497
2294
4069
6550
8459
8748
802
1572
2572
9429
7232
2075
5195
8361
4973
8507
102
1537
2332
155
3074
4731
4270
8024
960
5329
8897
3810
2108
2258
8840
1839
6223
1503
7248
5167
3134
4708
4690
8241
7784
6516
9319
842
1916
7852
2101
9413
9024
3517
247
7955
7344
1342
7684
1008
8237
7522
3414
11
1432
5211
4510
3625
5786
9475
8904
5445
9104
1971
8532
898
4662
4968
4203
1207
5570
3415
1562
6934
493
4107
7376
6393
571
1844
7142
8003
7309
5542
6179
1703
7510
543
3510
5641
951
1185
6769
888
8455
7343
1289
220
1446
6493
6373
8986
3452
9739
782
2196
7794
4087
1104
2391
1346
9905
87
7378
3076
68
230
9624
3951
341
2362
2383
9294
1737
6413
2427
7643
8911
891
1976
1542
4364
5819
605
2226
7620
1353
433
9999
6488
3144
2653
9946
3175
9921
8874
8034
1099
2818
7289
6577
7063
3612
1564
2857
18
4313
3808
3352
9381
9032
7150
7009
8942
6481
4614
209
3234
7693
9268
1722
5226
6972
4885
2365
1846
4085
6827
7857
2265
5458
8825
2532
5835
5085
3403
2017
4071
4067
5417
3915
8666
347
2743
8930
1785
2591
2140
8471
7625
7364
6026
315
6774
7707
5453
3184
3459
2682
9002
7111
2475
8600
2692
2049
3792
990
583
6297
3248
9668
7674
6508
8400
4333
4926
6159
8062
6419
2988
4092
6686
414
7511
661
519
617
3797
7504
5410
4678
3516
2823
8667
573
1057
9384
958
6069
3298
844
2272
6624
8393
4273
2257
3424
435
3682
7816
6388
2846
8087
3496
3807
7932
3557
2009
7509
4688
1747
1900
1877
7122
3150
4335
9441
1632
7934
6998
3839
4849
5478
8553
2354
9236
3875
9240
7207
4627
9220
1570
7555
9097
2626
5442
7623
4056
7971
7458
2016
6587
8324
1749
1568
7638
2200
1814
703
1589
9952
7044
1975
7050
4373
3426
8461
2615
2095
6261
357
4062
4407
7271
8033
8470
4604
6370
1926
6811
1770
6997
5944
3588
9785
2507
4473
963
9909
4330
5662
3801
3894
7500
9521
8310
1712
3098
8330
4956
687
8485
3897
6639
7902
9718
8381
5095
8298
3501
2710
6598
28
1857
7054
6360
1241
6489
5094
7025
4582
1909
1100
6058
3032
2656
8078
4740
2969
8194
4876
2107
4226
9317
5601
9250
3319
4554
6729
5691
7159
1832
9929
8913
2290
6533
272
5982
7985
961
2533
8536
1950
4779
4456
3957
9554
1617
6959
59
3299
3917
3878
1939
4782
9369
1160
3472
4450
9819
3498
5361
2677
73
3491
1333
8784
3474
6034
4855
1045
9997
3050
4557
8633
1058
2106
6659
514
7835
5013
7948
5069
7220
6962
5854
6469
7878
2683
3864
2058
6932
3568
8436
2528
2935
8207
2704
2458
8283
7398
9310
7446
5727
803
9304
6477
2244
7817
5484
6666
5196
4754
3494
2910
9007
8738
156
1316
5685
440
3484
8399
5945
1927
3824
2281
9090
3971
7894
996
820
9137
7417
2779
3686
5365
4917
5653
1093
1591
5526
1790
4391
2546
4
598
7461
2134
9531
6421
6296
4607
5596
9054
522
8457
4562
3493
9965
3998
7729
258
215
6259
5081
6593
5849
5976
9379
4238
3259
9069
364
8197
8661
7946
7230
2641
8576
6885
4162
4612
2919
2526
9156
6212
1315
8637
761
7002
3202
4860
7864
4109
972
1993
8804
3627
8397
5276
9693
6119
5677
8669
1056
7011
5143
1836
4621
7264
6918
5687
6669
8623
6234
6132
9585
2230
851
2264
3409
9709
664
9821
5474
3647
4810
1860
8316
2867
4397
26
1252
9382
103
2062
7826
8349
6989
501
9518
9556
697
1724
5869
4615
4610
2791
4764
8266
2761
4251
3983
876
2429
633
6036
2540
9121
4308
6813
7590
8776
5427
1284
7859
706
5304
5491
4853
9184
3947
8190
8999
2148
2406
9695
1203
4718
5300
2916
265
9578
646
5991
7631
8118
798
2698
7813
529
8854
9970
6429
1876
9017
6155
5472
1539
8819
9295
4622
3580
8601
1113
1551
7535
419
9243
6726
9835
2442
7437
5599
8145
3633
8799
1298
6975
3379
880
8218
7481
5648
3667
735
8581
2924
7156
8176
143
7154
3372
2826
3301
1178
4055
2776
4623
9232
2339
7416
4447
2545
7655
4480
8222
4326
3031
5043
346
5629
506
5181
7362
6303
5595
2557
9258
2766
405
5832
8557
705
2552
9329
5272
3626
827
2186
474
6134
1179
5781
7911
2424
9106
57
1540
6631
1494
8342
8277
9374
7349
9009
9763
9496
5617
8872
2884
3231
5770
9565
1985
2328
4117
1590
9954
7679
8973
7325
5389
7968
806
408
7420
6795
9524
1782
536
7551
8761
9272
6379
877
1883
7556
1367
1151
2806
1979
482
5686
6519
3964
1110
5549
3246
8490
5333
2871
682
4661
1469
8543
8264
8464
4243
9152
7559
2331
2300
7605
983
1166
8778
7195
6583
9049
3207
4210
1888
9386
6157
4108
3016
7475
8983
470
6071
5632
9438
2207
5064
7131
7109
437
3524
5884
6451
9309
3443
8121
4868
7066
5866
1124
3603
4923
7251
4472
1612
8528
5556
290
995
2956
5578
2166
2001
9166
7442
668
8780
3598
5133
2297
1560
1360
1720
2719
5870
8195
9588
1290
6243
2544
3159
2923
1592
109
962
4402
2655
490
9943
3530
3700
8217
6935
1437
932
2874
8422
4274
6215
1351
7285
1458
9975
8005
5642
649
304
3613
1108
6344
4539
9720
6974
7573
141
869
9967
6404
5287
4757
8065
4376
924
3192
8985
3086
3907
5965
712
2189
6392
3827
2513
77
3920
7702
7529
7191
6084
3445
7308
9620
3417
9782
2732
994
4630
5615
1194
5103
453
112
8152
559
1212
9125
9238
9179
3748
5747
275
9741
6091
4693
7202
6630
9893
639
2757
6727
1841
9145
2640
2563
8793
2880
9575
38
3236
7468
678
572
7382
3581
7348
745
9672
7073
5697
5193
5900
5501
5073
5012
2662
1943
3952
4686
1762
187
4814
8059
7487
1788
2164
4217
6590
7527
9501
5222
5882
626
4079
8406
8725
5256
4529
814
1245
4021
5034
8862
251
153
4142
8782
3927
1165
1854
8496
1240
1599
3988
9682
6909
1811
4846
8396
5488
8268
2004
933
1759
2647
2994
6900
9431
1858
173
8691
5538
3085
3416
7926
4084
5709
2469
7172
5803
3368
5248
813
3411
5702
8658
6147
3773
2543
5622
9361
5461
1343
8428
467
1385
3549
5892
9891
6557
4964
9136
2132
6177
7505
3701
3304
9088
6016
5839
5694
7449
5701
8567
6115
2897
4014
8664
7582
6395
7181
5144
7313
8174
8765
3095
5283
8542
4234
1766
1998
5038
8866
1366
9031
691
2936
9486
648
262
7617
9635
7710
4374
1262
3413
4370
9424
887
9146
2299
5707
1349
119
6844
556
2833
6258
8391
7031
8380
1727
3217
1326
5846
4980
5958
7567
1651
6165
3970
5322
8766
6148
9692
5407
1035
8522
8969
7229
1242
9396
2176
5724
106
292
8236
1554
2902
8057
3945
2021
8414
7767
4286
9093
9334
7400
8515
1450
9813
6200
5100
993
2904
5355
3185
8724
8030
3447
2669
6090
6671
2367
3044
3059
7871
171
7038
8989
819
7536
1400
8880
3765
9065
9190
1143
4403
2128
245
7995
2418
3755
6645
6449
3617
4302
1556
400
1183
7492
8467
4530
6699
2737
9
5137
5490
6800
6809
632
60
8068
2561
5895
2160
5072
3946
1461
2133
568
3435
7448
1447
702
6738
6834
9021
9391
8972
6793
7723
5124
3785
3158
2973
4716
2551
1628
8408
9838
6359
7781
6673
7363
8375
239
2008
3216
4909
7700
7888
8096
5581
3657
3394
9636
5232
5669
7645
6236
3357
575
3071
6499
1170
5224
4311
6573
4850
4866
9613
4314
3203
7875
3053
5598
6149
4624
8443
9324
4163
3422
1928
3257
4569
4448
5654
8403
5489
3341
7294
5681
1748
8832
625
7598
3310
1994
8410
6531
9233
6175
3293
1584
3809
531
9373
7082
9129
7983
5374
5748
585
5722
3070
2229
6169
1295
8952
6101
316
3867
9795
5306
8004
8092
3195
4653
4758
372
5566
6758
1243
8398
9142
2059
4287
3133
7485
7599
7626
6072
9981
2154
5857
8659
9181
9597
1991
4043
222
9042
5145
6743
7830
1707
1260
3392
839
6603
3418
5351
5961
9406
900
1123
2500
4595
1265
4470
2524
2955
7654
4958
5036
3045
2320
9992
5996
3181
3438
9067
6300
1633
6656
2187
234
7276
418
976
5483
5284
563
9837
6799
8551
1066
9589
3623
6441
8223
4900
4742
1627
5762
2493
2194
4619
9311
9925
4640
2155
5174
7639
5613
7151
7040
4322
9091
447
3559
9677
5825
4934
671
4644
6203
1255
1746
6735
1936
3680
6640
1547
8166
444
6271
8711
3544
838
1620
9365
2700
7112
7633
2491
6011
8992
2599
1952
8320
4025
5207
7516
9756
8723
4120
1040
4063
6107
495
3399
1650
2215
2699
3725
5999
7569
8682
2917
35
3111
3751
2580
650
8818
8859
9856
9631
1477
1772
298
4434
4618
5853
1014
4925
7887
828
8944
9251
3121
1577
8294
4175
2076
7369
9918
7084
1491
1474
9824
6535
3428
3890
3102
92
4140
7051
323
2159
101
5576
4838
9522
8640
5228
8128
8165
771
2245
4643
3702
6053
4865
8211
1973
640
1865
8196
758
6526
848
8609
9557
6184
305
9046
1445
31
7660
1159
27
1018
8586
3058
6114
5746
6121
5672
3140
5336
5636
9126
9404
8281
6138
5678
8038
3129
4669
8328
9285
6520
3334
2547
2039
7774
7669
9942
2801
7541
1235
5356
2576
6761
4966
1660
3965
7967
6250
2341
2025
9790
1002
2220
4573
6615
9646
218
3390
3365
9541
9708
2594
9390
4507
9940
8699
2470
6957
954
6440
5314
6162
4996
3909
6991
8622
4920
518
685
9469
8411
2305
7162
1182
1196
1750
3135
8988
2286
199
5997
5337
930
5550
3692
2689
2145
3017
5719
4158
5435
3373
3306
252
3400
6295
3362
3066
547
5122
1957
1962
8193
968
7593
6156
8896
2169
5656
8519
2558
604
700
9244
3899
416
4829
7000
5872
8191
5930
6815
6763
4584
4200
9172
2117
6102
8530
29
3818
530
7359
1130
1658
6987
9116
1475
2814
3261
3316
2961
6961
2048
4008
3771
1094
6318
5528
9858
2511
7192
1476
5975
6482
9953
9497
6947
3258
8224
2114
7114
8423
1327
965
4990
6328
9132
7166
892
4227
4713
9872
9536
2182
1095
8760
4747
2288
1429
7231
5750
5998
8856
2774
4851
8307
5863
1078
905
7326
7280
3820
1859
410
8221
3284
2380
1764
188
460
9109
5520
3828
5162
1949
1504
1287
3230
9676
5376
8990
7413
6190
732
85
6955
9229
8628
6657
8834
2899
7885
5140
2110
4279
527
5128
2553
6025
3997
1545
4594
2906
2465
8509
6926
6548
7281
6564
3654
5502
69
4598
6059
8695
1919
7846
4516
2554
9500
8575
9131
693
794
8564
1677
7539
9169
1613
177
6867
6556
5536
4993
1990
1423
2463
5903
5406
5428
6122
2613
7845
5607
2385
2466
9961
695
6010
4003
1913
7062
1148
5385
7430
5022
2228
4193
3075
4912
7912
6171
8251
5873
9008
4761
6166
4225
6980
5522
311
3662
3167
4425
2651
3450
2753
3766
3128
1227
185
1955
6196
6851
1387
726
9134
7283
7613
325
1923
2
8415
9101
1924
2848
9094
1084
3587
5860
5631
662
1688
2504
2342
7580
4496
2044
7786
8940
9218
4309
1981
1881
4997
4058
5907
752
3843
979
4289
6678
5328
3668
2340
831
6081
7279
4919
393
6674
5449
714
5326
6133
9842
4189
1721
3585
5188
7338
6005
808
5457
3238
331
3311
8521
9881
6667
3683
3457
2295
4848
7879
1117
2709
4129
2400
4340
945
7027
9722
6343
764
4392
6682
8015
2163
4738
8366
3528
7012
256
4974
3711
7256
7436
2438
5312
2778
8563
9706
3913
3589
7735
2472
309
7621
8869
3232
411
8427
4332
6262
83
9767
5125
3573
6463
3035
6647
3924
2376
8629
4121
3055
1204
4045
5014
5141
1495
9447
1672
5402
5874
1064
3628
7981
7942
1995
8453
6702
5392
8504
4348
775
8106
7772
3690
7759
3024
4143
104
9068
9948
2109
4560
9194
548
6637
5462
9011
9345
8259
3741
6214
9092
5346
2850
1528
1361
5198
6571
946
6478
1863
5901
2464
6554
7923
5240
1368
786
4192
1234
5822
2868
9363
6724
1027
214
5440
3404
4940
9377
8386
1918
1382
4347
8476
4228
3879
4733
4171
2103
8146
1072
1347
3694
812
1031
491
6632
9459
355
2457
8359
241
5006
5452
8302
8486
5518
3561
7079
8009
4515
7790
9934
1359
942
893
7429
8018
7560
5714
9933
351
2696
8616
8745
6299
4278
6256
152
1330
3620
4804
9362
6620
332
6611
4689
7564
5290
5515
526
9434
9932
5742
8180
8924
8728
4293
7809
8056
9691
1441
5650
5987
4035
9713
4522
8585
6314
4647
9120
9043
2356
2821
8631
770
8007
5371
1464
2913
9800
8322
5918
499
4213
3478
4921
8210
2152
6688
9013
1062
8914
8560
3871
7273
5535
907
3761
2389
8352
6193
9135
2998
6153
5912
2800
6823
2815
5712
8769
330
1394
2623
8749
1659
5190
3529
1896
5007
5441
7234
4589
4249
8867
2659
2812
7004
7910
5424
3288
8363
4729
3139
670
8608
956
3263
2688
7201
7001
4291
1300
6304
1894
279
5432
2786
3716
5744
7219
6096
896
6810
7092
6855
6849
4732
6136
7610
9468
2029
2835
6418
3107
756
6679
7292
1153
6677
580
4135
9694
4599
6386
3985
9128
1365
2550
6307
6602
1329
2052
5797
3733
6366
5159
5880
4177
1646
5555
98
5182
8788
5885
7694
8187
1882
6886
6752
4095
9320
2046
1320
5246
9700
2307
8540
477
5705
1138
2754
5267
8240
3225
6713
2071
2646
3780
9562
6322
6265
6106
7099
3145
7530
7644
7858
7874
7999
7324
5362
9582
9203
4394
630
8894
6767
2739
9115
6308
1144
4756
4401
3876
561
4164
4816
7069
5889
1410
5429
2261
4312
6240
7365
9912
5364
5627
4181
9996
4517
6204
4603
5147
2831
973
5366
9485
9914
2426
2393
4110
937
7208
8028
6029
9669
2736
1514
8226
9867
456
4801
3385
9729
9966
3784
5083
5831
9342
5909
3283
9527
228
8372
2959
4602
2407
3937
4477
9483
3895
1668
4975
374
3104
6649
9937
8934
2437
883
2974
2579
2872
8385
4016
9663
3631
4985
289
7441
7215
5209
2373
6922
7550
9015
1804
6685
9545
4103
8498
7574
3731
9316
1457
1370
6338
6808
7194
3460
7717
5936
3439
1261
4677
5773
2518
5543
7841
3380
2650
3191
1636
1582
9547
3655
7290
8234
6378
2928
2671
6949
9535
3968
6894
3614
3851
9690
9571
2984
5071
1615
2082
8933
3872
4460
796
8573
4874
7491
9889
3437
6501
970
1934
6732
4721
4664
5110
520
9764
3534
9351
1436
7334
1670
8295
2263
8571
3720
5315
320
2020
5343
2670
5602
5434
5416
7466
8142
9059
1152
3698
7221
100
3651
2707
8249
8011
7263
118
859
6780
6128
9778
3476
5264
3177
2612
9041
4652
1176
1791
2772
6475
3367
3520
2311
2661
1251
5127
8337
6350
4791
943
908
1405
7269
5969
5265
6161
6109
7102
86
3378
8925
1161
8513
2534
4153
2979
7086
4671
3041
9743
9269
9279
4336
7488
1518
7725
4933
5971
7366
4178
9452
2999
6368
8649
7965
8097
5286
5798
4215
7563
6705
8584
7152
9019
5939
207
2168
4133
7330
8877
9160
6524
4256
5138
9559
6653
4437
7681
1028
3224
3425
3078
2053
1944
1089
3608
8354
4205
9397
7405
5612
9375
7026
327
5823
8449
9163
1269
6127
8922
4446
7018
1373
8291
8125
3781
8022
8483
9696
4352
4558
1297
6697
3504
1259
3935
1535
6027
1427
9598
587
6465
7427
3636
818
4549
1867
6585
552
5604
9205
6287
2434
3821
4044
9072
9885
6237
2881
809
8614
9577
5455
6051
2345
3072
1801
8537
1136
7697
8943
6009
1135
2749
6110
6658
860
7204
1701
4199
4445
7831
6205
4096
2750
8172
1097
3073
9711
9805
3769
4122
2409
9701
9886
1472
3153
1664
5117
5967
9246
4789
7118
2690
5439
1980
7288
9302
9745
8076
2061
2262
2040
3061
7586
3168
8479
8879
7072
9687
9102
5960
8198
1685
3282
1279
3358
7754
9750
5645
2680
3602
8729
3347
9338
5995
5494
7653
3455
5655
2412
5905
763
1520
8131
1977
3830
5728
8340
8692
9714
362
6333
1818
558
3487
9956
2421
5643
1103
2703
8101
651
7016
4229
1915
6715
9603
5899
5051
5259
423
7127
2267
8966
3849
6783
229
7698
9185
799
4086
7408
3089
805
7533
7739
9144
8227
4870
2022
9870
8075
1842
7394
2023
7345
8606
5082
779
3526
2239
4463
5031
5262
9173
551
7640
3029
9449
6486
3569
7769
9392
1017
6781
6152
3986
2445
1455
3749
3084
5793
939
3889
8331
1158
108
9199
3850
5970
5847
9602
2081
9816
4808
2492
1303
5956
5080
8477
9026
1873
3081
3593
8243
7425
6521
2161
3763
2539
1856
3695
2191
4906
5052
161
7589
3165
9868
4830
4209
2898
677
1533
389
5569
2467
2967
7775
9276
9788
675
4717
9599
6956
4908
8891
3813
9420
3377
1479
6450
1833
3726
7703
6023
9746
7537
9039
4441
5324
9845
7228
1478
7974
3976
9637
4146
7662
6492
7020
5466
4650
3120
403
2726
6439
1601
4112
8736
7901
5213
856
8326
9245
4263
9506
296
6349
4577
6551
1291
6146
8648
9753
9645
6599
2413
3599
7278
8338
8663
7065
9987
4154
3622
7663
6889
7095
6675
5756
2603
158
5010
6927
6506
2607
81
1642
2069
607
9751
9113
6680
2361
4521
9254
1986
6882
4744
1034
4736
3323
861
2836
9249
6950
1048
7401
6336
8019
3211
8836
2401
9435
5386
589
4060
9719
6079
642
9482
216
5816
384
1380
9278
4411
2855
1946
1758
277
2100
9526
7502
7716
9640
7175
2915
4852
9029
5659
1567
7746
8376
1132
9426
7139
9201
7418
4292
3354
2422
8680
6694
9772
1430
8768
6129
9208
2459
3527
4002
7406
2304
2250
8
6592
5327
7332
9348
8706
8964
464
3536
10000
5808
6241
6648
5239
2317
4841
5809
9464
1354
2473
7525
9307
3482
6409
6683
6796
366
8566
8162
3028
4148
9986
3754
5421
3033
3423
1049
4255
3563
8697
8909
4482
2509
1408
2926
3555
9330
6629
4139
8430
5316
8901
8837
3811
2432
5531
5070
9275
1010
8717
8440
879
2841
4260
2471
2318
3285
5447
1718
2093
8683
5837
5037
7295
7315
2483
7847
2564
1156
7068
6681
3100
4987
8708
3548
5067
6460
5062
6500
6143
1855
3215
1696
2652
8746
6973
2278
6820
3451
1604
2879
4869
804
3691
4575
1109
1312
5257
8395
4628
4687
8492
8841
6958
3635
5298
1420
1681
1164
2111
6269
7480
5061
4929
2028
263
3125
1886
7033
4606
2570
9908
7737
1482
7106
913
1396
9418
7303
4649
7496
9038
8538
1325
2213
1364
2070
5806
1644
1363
2858
7565
7457
468
509
7714
8635
5820
3646
7235
8143
6108
4188
4723
1561
2600
4242
1806
3914
2807
30
8171
1433
6278
623
9826
4464
9839
1643
6638
63
3540
7133
3063
4737
7603
4635
8655
2635
5575
7100
9105
7424
9474
2592
6474
4065
2819
2036
7659
2977
3036
788
8718
2234
6231
5927
9735
7896
4567
4452
935
5241
1544
9476
1281
6183
6850
4004
9425
1792
9491
8921
287
5955
3730
8341
3336
1958
2183
9470
9523
9662
4978
3112
1843
2105
2151
4147
1220
2860
3868
4638
4922
8963
5579
5567
9444
9744
7411
8731
8806
8900
3136
2521
1341
4248
8602
3800
6916
5931
488
4633
6982
4910
1337
3768
9182
5743
5099
4827
9829
4963
5136
8686
450
8421
5505
8110
2227
5400
7821
9703
1392
4032
3605
8147
2752
82
9984
8016
5219
9211
6936
2444
2519
1174
4116
132
5450
4805
8527
8181
1492
751
7347
8066
3154
2210
4550
2248
8777
9141
5033
5380
4080
3671
7741
6777
5176
6874
6720
980
1773
505
7383
9611
8256
4176
8597
6862
2571
6284
7575
6154
7677
738
3739
5377
1780
4406
54
6636
5175
1041
2013
4970
8863
4989
2877
9831
5093
8167
3898
8812
6375
4102
6843
4551
6225
9978
1684
2316
4523
1797
3193
6311
1614
406
2685
1963
5005
9651
5318
4945
1738
7552
9053
6324
1362
5260
8662
9964
9467
1550
431
8722
8594
299
1007
5625
133
3870
5393
7250
2577
4682
5414
2925
5963
3782
7706
4427
3666
3346
5920
2542
5131
7035
7006
2043
6600
4836
6310
4537
8037
5214
5590
9899
4672
3219
989
7863
1059
7021
5818
4915
780
3584
7993
4526
430
3833
5245
6943
3161
4356
7943
9563
6939
8081
4705
8512
9581
7173
1945
1810
6362
8465
5018
3329
111
999
592
5476
8636
2523
308
9273
2596
1416
4500
6285
398
7753
6503
772
643
7658
6270
3
8781
6401
5512
7049
7479
511
3174
7412
7517
4625
6151
8494
964
9299
5716
2326
762
182
6798
318
2170
3209
7849
4033
9158
9456
3543
8343
5179
9850
6716
6559
7814
8758
8209
4222
7270
7701
1490
3685
4334
6043
5766
5177
1485
1630
885
1042
5888
8441
1929
9977
7456
7749
3138
7435
5800
2063
564
1869
1111
2461
7976
7798
1648
126
9628
1286
8098
8906
5767
4525
5695
4174
899
5506
5115
1105
3376
7689
9119
3351
9477
1021
45
1044
174
5611
1912
8130
7335
267
1653
8273
5212
3645
3558
2644
9202
6255
8762
1451
2355
6833
4572
6381
6453
886
1125
9226
4415
5790
7307
6876
7745
2218
3330
8088
3471
5279
8017
2054
3639
9758
6879
2499
4172
1817
7439
2693
7705
2888
5431
8103
4432
2755
2125
2965
105
7337
4125
5736
4479
4413
6945
8773
9401
8696
371
6021
4832
5303
3649
6116
8047
6103
2863
8735
5412
3819
6994
9098
1699
1783
2118
3764
9312
3294
3064
2309
314
6530
4362
974
7244
5894
4458
7341
8151
6912
4433
7969
4285
6788
2122
7158
6786
5041
5776
6871
4478
7089
538
9257
7718
3779
5292
6835
3441
4104
9280
9436
6077
8392
1603
9815
211
2474
8437
7350
2435
4111
577
9555
9939
354
8502
694
9833
3226
2223
1538
4408
183
8660
730
1193
2619
7766
4386
2909
5301
5204
3772
6428
2448
6992
5477
5471
1731
8164
3048
4029
4962
7744
2667
5868
7113
9982
1310
2952
8061
865
4252
588
181
5699
9590
3604
2074
8613
2079
2986
3863
3434
4358
2047
841
3213
5237
8526
7913
7833
90
9161
2875
1397
9644
9776
8448
9057
722
5161
6321
4889
2589
656
1516
295
6854
7952
9000
148
8272
4198
7209
6968
8701
5194
3338
4957
1638
3093
4481
4871
4939
1687
6233
7261
7989
282
2386
2174
8844
9084
1624
5784
4359
5910
7611
9808
3194
5949
793
1807
5943
2460
6461
5475
9595
2199
4152
7225
7905
2895
5001
4494
9994
6083
7933
7992
9247
7793
9110
9576
9139
9944
9177
7306
9650
8599
653
7600
9550
6467
6576
6929
5855
2087
2249
4315
6999
4350
9762
1173
2236
4839
8797
7377
2363
8803
2301
8124
7667
9951
5032
6703
6641
6660
4338
3023
1634
8394
9570
8950
6988
1576
5755
8329
5415
8702
202
6964
2185
3742
7606
1774
9655
1239
2379
306
8908
3939
2010
5745
7284
2697
7853
432
3506
2485
1412
7115
9221
9133
9579
9888
1086
7506
8468
8317
1757
2273
1548
5951
7473
4711
8951
6018
2282
7982
1656
9673
2525
1237
9552
5583
3554
4375
1694
727
269
7692
7160
2678
1593
966
9176
9561
3697
4026
7299
6065
6464
8939
1851
4571
3421
2206
6003
4054
4435
1268
5053
6821
8587
4634
2497
9346
147
1324
1987
1827
8505
4474
9281
7630
9732
6424
5463
7743
975
2446
9195
6473
5119
4642
6039
9188
4393
5771
9343
6139
6782
2687
8424
6309
32
2529
9873
3172
9799
8023
5035
7286
681
9164
7670
5929
1214
3013
3327
4916
8373
953
1978
210
6064
2144
3847
8955
9298
8308
1177
503
1821
4244
8898
255
1719
9080
4730
7130
8114
5919
1511
2686
3743
1293
4821
190
1273
9253
3339
5372
2343
6431
2498
2844
4384
3660
3162
8946
334
5772
7761
6497
1081
4902
3611
7459
2172
539
7873
5571
952
8524
4784
4368
8013
5582
6158
2018
5413
4983
6251
7854
5202
1819
9063
1128
8481
1378
541
8042
2337
5146
70
2487
2741
6057
544
6710
1332
8099
34
4942
4212
4098
4800
753
5055
7178
2586
7165
6192
8707
6181
24
2131
9262
1507
2306
2588
254
6847
3155
3736
5020
5487
5295
6633
721
8828
3926
6252
6839
2037
3790
709
1411
5774
6665
6921
2078
2255
3178
172
78
7206
9228
5470
8671
4457
4828
2439
4156
1997
2748
3794
7116
2193
1080
4159
8929
5935
4535
6209
8887
6604
9773
4509
7988
4981
6111
2957
5946
3440
2780
7164
7388
9168
6505
8730
5959
5673
9688
6924
8254
1600
3735
3615
8213
4527
669
5539
1199
665
2604
7906
2502
8949
9227
3006
2578
7800
6893
1409
49
8824
434
8382
1233
1765
1302
160
8067
5782
4506
7891
2894
8596
9520
5387
1381
8987
7464
5049
6398
9546
9044
767
1328
4138
358
1356
1816
7440
176
6985
219
2456
6459
2184
8058
14
4657
6277
3342
7747
1500
2996
1754
5330
3532
3681
9517
1693
8080
7642
5994
9894
2991
7395
8032
4949
3429
9760
609
496
2983
6170
429
3281
9122
7239
6832
9726
1890
120
7421
6144
8045
260
8044
6416
5408
6427
1
6145
542
321
2887
2675
3629
3286
9681
6538
203
7691
6283
1988
2392
413
3535
5399
8439
3574
8438
2948
2480
8074
1563
8727
140
110
2548
4660
8239
6574
7711
5151
4182
7515
4281
6267
1695
5250
6861
8743
837
3551
9010
9807
8488
1032
1304
3512
25
6875
2115
8548
1917
5533
7039
6435
2098
4724
5883
4453
5098
521
6750
9665
9108
9047
852
6864
2096
1901
8123
6000
535
9151
7262
4034
6572
3796
7041
3052
740
881
9848
387
4719
3241
6742
9883
7937
5628
391
578
5587
4231
2269
8466
2605
2240
5076
2568
5270
5666
8907
240
8371
329
4224
4775
8677
4318
8938
8246
918
9027
50
7046
1675
3187
5824
7451
8355
3292
7434
9910
9214
9605
8813
7546
6498
4886
6293
1910
8713
179
8219
4834
8122
1121
4514
3056
4872
1655
5833
5562
9623
4475
3882
696
8625
1702
1708
3502
273
6369
8154
1114
1417
8771
835
5334
8116
1231
8883
1063
1376
7153
1077
846
1992
7484
3727
1825
1698
2050
5836
7022
9442
4416
6189
1984
3142
8288
5878
3803
9998
4709
8039
3560
7528
6545
3515
93
9511
8700
8478
4346
6749
4258
8645
8948
3774
1852
1541
7179
5016
5003
443
8229
618
7467
7870
673
7121
3489
5843
3918
5840
6066
1700
4735
226
307
2212
6891
1629
5876
3703
7096
4656
7470
2790
5437
3249
2065
6655
7818
7241
3759
9070
614
5706
3477
7379
3721
7812
5525
715
6979
4051
2730
9430
1323
4241
3961
7862
7824
7367
2840
8747
2733
8199
8119
8612
8369
9020
6618
7097
2384
2949
2634
7375
6540
6457
1440
1209
6779
157
43
1221
5914
6406
916
4015
5205
6877
3094
3374
76
3848
3665
8212
4651
5208
749
2941
3012
8216
4617
7087
5521
6345
7091
6700
9657
1122
4883
9957
194
7783
9540
1777
402
1026
6878
5893
3972
7169
7352
6804
6073
2403
5942
3674
7929
6480
6019
21
7962
7518
465
4061
8681
7984
8644
4097
8368
3737
8278
4943
459
8847
9887
7141
4620
5126
79
5777
8379
9632
2729
2595
769
4492
853
9960
9293
2260
1755
9619
2275
9592
9993
4031
2124
5624
9830
1954
1652
4165
8232
8755
6472
7785
8333
8387
9812
5858
2006
3200
3944
5838
7445
8188
7820
9532
4749
4267
9836
7056
8077
9296
1631
8565
498
3921
438
6085
7562
4778
754
9313
9472
6456
4180
5514
4421
6135
6913
868
4683
7548
4185
9440
7037
6594
9846
2934
3905
1970
2792
5233
6607
3606
833
7140
6123
175
2382
7085
7583
1609
7005
8242
2359
3724
280
6374
4703
7081
4119
5551
8416
1443
4608
1191
3783
4882
4854
9035
834
3577
3507
6224
6829
9502
9052
5932
7402
6901
3919
7776
6525
1004
6331
9983
2838
4262
1871
6917
7409
2443
6996
9315
3575
5696
9224
2415
5394
7636
4783
3210
7949
6358
5732
957
3802
1715
9675
6858
5507
5215
5368
4471
7124
1415
5852
9100
4436
9537
9797
8831
1711
4366
8510
7748
5953
2398
5564
9412
6201
8370
5388
1639
8750
4219
560
4992
6846
5307
3650
4773
5409
2665
6142
2811
4792
9230
1399
9775
9387
4680
9149
6914
8432
1277
9123
8113
1442
1595
9461
6356
3673
4010
6920
9503
2014
286
196
200
2751
2679
7957
1555
4659
5871
2575
3823
6884
8935
4295
4887
6778
2744
3364
6712
8378
2034
8108
4365
8248
4385
8054
1071
1285
1868
5243
7914
7665
3825
2997
5560
2845
1676
129
5896
1471
3533
5309
1647
7740
9647
4337
4972
4548
1982
7105
2681
2344
61
8082
2706
4833
6542
6313
5574
5867
8786
8183
5764
2617
7899
3465
8801
3118
3205
6006
3955
2567
4288
6652
613
3147
8583
6289
1678
1571
720
750
2246
2873
2971
3846
5253
1371
3389
5058
9832
2668
3021
2375
1107
7920
5291
4476
36
5603
8848
8843
8895
1345
9699
8744
7296
8615
920
7014
9793
4720
872
3525
1880
8323
2883
2968
363
619
3978
7391
5313
2378
383
4422
1697
7842
9621
2859
8413
479
8500
5011
7935
1597
624
7390
7302
9252
7392
6341
9289
6646
2932
5345
3116
3538
7602
6606
249
1129
4592
4020
6125
2094
227
4064
3793
9140
4378
5305
3873
9075
8752
743
8090
9453
7975
2648
5375
5112
927
8541
6570
4011
3239
3008
7947
9596
4220
5352
2495
8036
3037
6951
9877
8693
8010
5616
1000
9460
6238
6734
480
8827
2419
6327
1723
2900
481
3936
7282
7483
2190
5725
7595
2649
3844
1569
6347
6541
8947
6549
5171
2092
6364
9016
2253
4826
6728
4819
1390
2045
3956
6415
3405
6643
8170
7619
2374
1019
3163
8870
7890
9086
237
667
4802
5864
2849
8926
7570
9851
919
4564
622
7385
7877
7892
7017
5028
9560
7520
9569
8590
9196
1925
922
8293
4023
9733
3300
373
6993
9973
7903
271
1579
9003
3930
3858
825
6792
1489
7666
424
6400
2783
5720
1552
1559
8202
2764
3931
1496
3198
5984
3547
4994
4184
6772
8043
6822
8383
1426
5184
3490
759
5752
6840
9796
127
4498
1752
9828
6020
7719
847
139
1799
7136
13
8300
660
3469
1150
6775
1878
9519
8313
7632
9564
8014
7346
4512
3601
3596
7889
840
6908
8817
8789
5693
8447
7478
1938
6454
5737
4130
8405
2396
266
9528
4316
1618
7268
7045
7543
3289
5898
2414
9666
725
4257
7023
8657
342
9725
6420
6837
1137
9037
741
1837
6105
6458
4414
6483
9423
1961
6130
2510
6468
4998
6137
7433
3778
6825
476
9841
454
8941
1529
9433
3466
1280
1626
5234
7568
2123
5150
6579
9533
1763
4100
525
7024
4123
8958
5974
1840
8598
3713
2950
1439
7274
8419
3312
6802
5947
4726
4770
3953
7664
3433
116
4799
3190
6883
1557
4382
6117
8345
1498
6691
5730
2032
401
4788
1030
9421
6305
8981
6273
445
8808
1344
2313
8309
253
4585
5040
4489
8499
1157
1583
6112
5009
4859
313
9048
9866
5608
300
9376
4389
9755
3832
576
7588
7060
6491
3814
4431
7587
1483
6399
9971
7907
925
875
8312
3826
8888
4807
7872
1106
348
7930
7927
1115
2007
3791
5981
2452
7823
3005
2767
2231
8820
6168
7030
6038
5269
5216
620
2388
4237
534
7571
2488
475
3745
5865
553
6790
5157
3812
9150
7093
901
394
5990
5460
2905
1969
3179
6074
2896
6870
3658
1602
6445
2837
5045
5558
1864
9689
4114
4304
2136
7272
2830
5979
3750
4128
6595
1149
7532
2611
4381
7768
7043
1862
4280
7212
7762
6558
9892
3715
301
2740
6207
4824
8454
2702
3853
4261
7205
4299
1725
6527
8055
4552
1657
7801
9740
3214
6097
717
7196
3267
8759
146
6709
8800
1488
5529
9454
2960
5242
7423
2639
7399
6831
379
3375
367
7252
1147
997
2822
5363
9649
9083
1210
9919
3287
7828
9450
2980
3344
849
4240
7668
1776
6628
1513
950
8787
2425
8653
5723
9638
1736
2410
1096
4372
8160
3888
6978
7728
5916
7351
1372
3233
421
9679
5812
5577
9509
9974
7521
6411
2171
6591
191
6933
7805
169
5503
8299
4208
5561
8200
9372
338
5593
4536
5779
1809
6140
9664
3795
7657
67
2745
7447
7170
4955
6881
361
5025
7393
1102
2684
562
9801
7077
5165
910
4409
1744
2505
9754
3676
5426
2310
1155
8970
1679
2450
6484
8418
4946
4698
1874
1278
8734
8574
6819
785
8544
8228
3513
3103
1761
3933
3829
8826
8473
8814
9051
8412
6242
5285
5395
5344
1224
9770
8514
5738
9147
6376
302
7120
6076
8095
4684
6260
3270
3156
1197
9407
9466
3699
4706
878
9210
1459
1704
7265
3634
8974
4629
3508
3621
396
4727
692
1319
2856
2112
8592
1493
2073
5710
5962
8641
7637
9264
8962
9414
2889
2143
9593
9274
7211
3664
4187
9103
8624
5497
4030
1085
451
3859
9844
5680
1815
9395
4345
6346
2377
4511
2556
9678
3922
3979
2277
8049
659
1972
5274
9183
6061
5937
6282
1039
3436
6124
7651
6502
4007
4760
8732
1967
2490
7090
6380
6372
8893
3157
1219
4089
4361
6208
8807
2390
1180
7715
1899
4246
6836
2982
9198
1374
998
5047
5134
3492
3990
7028
8997
1709
9759
2938
6089
2358
7316
9284
5221
6770
6377
7807
3337
987
7542
9306
9171
4793
9333
867
1308
352
3166
5258
5875
4880
2516
8704
6217
8835
1956
3499
1264
2433
3014
5902
1299
3974
3169
466
1831
8238
7414
8886
5811
9989
5851
6062
5729
8674
8798
4862
4105
5683
5189
7939
8740
5381
5060
7618
7410
5231
4387
3302
7101
3881
6340
2035
3562
8555
6049
1813
9538
6075
3934
5317
4078
3902
9549
708
8829
9617
6164
2138
8980
7047
1730
8868
4113
7881
159
1481
5922
461
4201
9389
4149
4053
4960
4196
2051
3834
484
9922
9648
719
8178
7015
790
2771
3152
5170
6087
2940
97
3495
9071
8610
6948
9849
5661
2057
8809
8654
3328
3982
1666
3171
6898
3290
9904
4528
4969
5254
5983
336
981
2630
9871
6342
3758
3220
3355
5319
6930
3786
7822
2555
6753
5546
2274
516
5323
2608
2276
2793
4745
4400
6693
5926
3106
6199
4106
7048
5841
6981
1163
9061
4547
3146
2530
165
7486
3518
5297
2624
4861
7886
4277
5155
3804
7938
9359
6004
7953
462
8861
3799
8591
8892
5915
9478
3728
2408
9256
7925
6890
674
6692
1705
8335
9336
7327
7443
3883
138
3090
9834
1732
9463
3746
5088
6803
2011
8136
7088
6433
4235
3744
8189
3886
5751
7734
5282
5255
2735
278
4351
9814
4247
8276
7460
7819
1314
8656
4637
7381
6522
9525
7373
8356
8558
9077
4379
1449
5275
1167
4580
657
1611
1005
3616
4911
4077
5805
7128
3717
1413
1663
4082
5890
9806
1889
6740
6765
5640
4245
5225
9721
7361
9458
1671
2327
3760
246
3340
8163
224
2804
7724
955
4785
8201
328
1082
3366
8117
2322
53
6739
3960
4704
9516
517
1321
4001
7224
9610
5690
9513
6514
5657
1605
4440
2714
9216
9186
3845
7720
4115
409
5553
285
1046
154
9222
2839
1566
4468
9193
5906
2399
1932
1779
5715
1733
4296
821
4383
8995
3083
8186
9277
6937
967
5331
4905
1951
6567
3321
7997
274
2368
3480
2066
6485
1393
7247
5479
915
6668
9446
1306
8450
9860
7756
4884
3040
1003
6455
5280
2127
5087
8796
9291
7796
9979
4707
1729
5917
6319
5861
6509
4254
4126
5444
1013
5391
2346
2083
6186
7672
6054
7431
8984
6597
3034
9349
1223
9704
1522
8134
8923
7331
579
8607
9162
284
680
4675
6044
4204
483
3475
2165
1739
2972
6687
7844
5199
4290
6596
4763
3091
9945
7944
6760
9976
8975
3880
6479
1690
866
1379
9548
593
2447
7144
2462
6905
4546
5796
7287
5952
4141
8182
7928
3767
4420
982
1778
8846
3591
5268
1206
8126
5623
7561
4534
2717
9774
5109
8712
9130
4588
4750
1768
7675
8235
6257
4211
5482
5273
4426
1935
8132
9270
5667
7227
7432
8141
5419
5795
508
9457
6211
3684
2901
7540
9822
1742
5580
8556
7803
8531
4018
6174
7474
5349
5548
1942
7185
8621
6080
6188
4601
1822
2405
9641
8250
3981
8050
4746
5733
6722
6887
515
4845
8605
7839
2291
1596
8684
8823
3004
9062
3592
2559
6219
2942
4863
5968
5585
2907
5480
914
3670
4052
2882
5002
7275
3740
7163
6228
8849
897
3565
4776
8350
8072
2428
6860
5197
9876
3852
5102
378
8676
6354
8083
1800
5348
122
797
9783
6014
7
3806
9025
4583
9915
3546
7851
5760
6033
8377
3798
9004
3143
8384
822
8791
6218
6812
3101
75
906
2198
9192
2147
2370
2496
4893
4927
8225
5718
1253
1294
6494
3977
4696
9573
6805
9408
3747
3388
3446
7184
7452
510
6332
2455
8433
5799
9403
7584
7963
1350
8002
2799
9685
864
8315
404
9170
5168
7058
3047
42
9804
8996
6706
3523
4253
4284
9931
2865
6176
7210
3384
5236
4748
7608
9082
9112
9947
8069
2126
9771
9335
7216
9493
4953
9784
2966
3196
3706
3011
776
3564
5862
2489
5039
2208
5791
566
40
3610
4321
3583
2366
2192
2724
2308
7119
1898
9680
5123
8630
1395
8149
8545
9114
1588
9378
5626
7438
9364
1181
7738
8487
3025
8086
4323
748
3521
4787
1805
1011
931
1047
8865
2242
8206
5201
1428
1717
7083
9231
1060
2738
3709
1745
2976
3822
557
7991
6990
1092
7802
3408
4702
4499
8374
5964
3842
1853
9045
8327
3856
1691
8305
6711
1331
6737
8650
2920
7259
7646
7444
3022
4903
621
555
4513
7310
3062
8275
8297
5859
4844
9175
8012
5325
9260
4641
7098
2852
7836
1812
1139
701
5403
6382
4486
1456
3624
7838
7731
6317
9852
7732
3018
8161
4438
2587
728
1665
9941
2205
6622
1384
2157
6719
9399
8998
4042
5027
8976
602
926
7513
7996
5252
3151
5734
9927
8627
3454
977
3552
5078
6561
486
8978
7959
1845
6444
4786
3632
4197
5469
4328
4935
5299
4488
7104
8112
238
128
5635
5187
545
8737
9980
6787
4626
2397
1848
5541
8720
9462
3276
3448
4947
984
2629
3707
8231
7721
1974
3903
8115
2252
2970
3950
3051
41
2325
6337
7950
8233
7538
167
6425
1140
6244
1473
3170
4294
2694
8367
1101
3350
7524
2782
4344
7143
1069
2086
2167
4697
4937
5338
3099
6588
9991
3704
1001
8261
3991
3114
5703
8751
3275
7661
5077
9630
7134
9642
8634
4118
392
5646
6298
4533
6896
6387
2829
9473
8694
3762
2531
3722
365
333
569
6422
9618
8561
8344
4183
1053
7422
5149
6390
4405
9187
5382
4797
1311
9445
1142
1784
4771
6352
9471
6617
4093
8811
5708
9902
645
2886
1016
3124
3262
2224
6266
339
6118
4439
180
1824
4005
5249
1076
936
3862
6718
4360
5817
5652
1169
9074
5634
1683
3877
9724
7671
8493
8971
2090
6903
3386
9781
6104
5557
2175
8215
3272
9370
3038
8689
10
1029
4755
7880
3369
6414
2476
7176
4881
2638
9411
10001
7945
6807
1741
1434
2809
7726
830
2593
4931
6546
7454
5717
1911
1771
7557
7236
3201
5339
9487
1526
1830
6842
3396
2158
3406
5063
1118
6635
784
9352
3723
6612
7577
5030
221
5113
1756
760
6092
5335
1884
9963
2937
1714
7372
9530
7789
8280
4751
8452
3486
1682
9167
5591
1585
5704
4048
2825
634
6357
4639
638
9265
2012
3869
7850
5649
791
2514
4928
5229
9358
2903
4611
8353
7314
1184
7683
3009
7512
6496
8815
1305
3910
5422
2080
9036
2789
2908
5057
8965
4490
7198
9215
6977
4161
3857
2026
716
3218
4728
6495
8129
303
6897
5829
8881
4918
6946
9878
4531
5451
1054
426
3412
2441
8274
3449
2802
4070
8620
8205
2031
4317
3274
4442
7782
4327
2673
1505
7155
698
1386
8472
12
8559
15
567
5741
8429
5443
4265
4766
7752
823
7787
6744
8426
6784
6067
768
9297
8821
6537
7108
5668
6731
9356
4264
9738
7865
817
4508
4484
5111
5552
7356
198
427
2777
3204
1879
8286
8511
3229
6248
3653
4419
9583
7806
8651
4879
4132
1983
1964
7869
3999
4722
4076
8918
612
3026
197
8469
5689
7629
1484
8957
4283
125
1523
4701
4041
5238
3916
74
9480
5101
4790
7758
4145
3295
8040
6824
2712
1134
5459
546
6275
4767
2813
47
8401
1941
5554
8687
1119
7291
5456
4613
9674
310
4681
6012
9138
6355
420
4741
3841
2188
6852
6032
7601
9716
6670
3500
5023
6442
2336
3892
6952
2324
3419
676
549
1307
7226
8301
5530
2929
1267
5492
9489
259
5163
7709
3943
1318
163
4924
1340
1532
6221
3431
9827
9209
7078
3908
6272
5545
5173
3901
6182
4232
2770
7319
2746
7145
6938
4714
2113
4873
3578
8348
3387
3941
3227
3514
9178
5637
9736
4806
6141
5821
7132
23
3545
7848
1036
9064
1527
3001
5792
2055
8982
6708
397
95
1767
5524
6094
7545
8763
8890
929
343
3401
5289
3199
2892
6280
5807
9792
2954
3462
4856
9629
7320
2891
582
8679
1789
8579
591
2420
4343
6476
8864
7893
6766
3269
8407
594
7882
2357
4772
1419
4666
9099
9492
4066
2817
7742
3503
3019
9301
8920
9325
6187
3753
8546
1438
1847
7815
3729
5310
5108
2628
1775
8138
3325
2089
7180
5244
7171
7558
1448
2946
7673
3576
6759
4455
9287
800
9318
586
6316
9394
3938
944
7476
205
8282
6383
6789
3349
2715
2620
6150
2943
9761
537
1358
5783
7233
8754
4795
736
2217
4867
2430
2508
5118
8263
7508
4655
3430
5980
2347
2232
1222
9398
9347
2271
4075
8742
4157
7482
9111
9715
9907
8334
1606
7067
6931
9869
3251
2085
375
5347
6301
2329
8643
4101
3007
5663
500
7604
5130
2503
5713
4467
5156
8267
9428
5721
5698
7074
9818
9153
7076
9658
8588
8916
3315
6180
2985
1619
4038
5139
5684
9865
5481
8244
3855
9627
3126
8021
458
6676
4503
3805
9510
9747
8135
5079
947
6625
9200
7396
7616
5740
2981
6470
8105
6609
5142
9073
1872
6405
370
7970
3180
5223
5160
9328
6623
7686
6048
6562
8260
595
2284
3652
9903
601
4540
4914
8156
2538
747
9437
1424
9107
2742
1088
8647
3240
608
6560
2854
3305
2756
6853
6045
8719
9034
4300
6095
5674
9854
1022
2765
8304
2129
9930
5731
1515
1236
992
4715
6410
8603
3590
5810
2072
3969
6776
2482
2573
268
6432
9862
2828
3097
213
1025
2734
8850
8064
774
2725
5500
9495
3993
8855
4616
8158
9543
8253
1369
9769
2219
9928
6063
8285
9553
5763
8175
7370
9366
3468
6078
8928
1510
7386
6969
8577
3861
1335
5850
6099
3464
9079
2939
4186
4988
4734
5826
1999
2590
8535
4565
3669
6042
6513
6581
9659
8638
5700
7493
641
5358
8137
688
261
2618
6216
5827
9698
9174
8822
7094
6857
2598
72
4233
3245
3770
2621
718
5433
7795
9353
857
9514
4276
7614
2285
2084
4984
2451
1610
5815
7368
9212
5664
7249
7519
1087
2795
1270
7615
8041
4979
7764
9584
62
5568
1487
7526
6785
7070
6052
4971
3331
1074
3244
4691
9058
